Year	High (°F)	Low (°F)
2022	69.7	39.7
2021	70.5	40.3
2020	71.6	40.4
2019	69.2	39.7
2018	70.7	40.3
2017	71.7	41.1
2016	70.6	40.5
2015	69.2	40.7
2014	69.8	39.8
2013	68.7	38.7
2012	71.8	40.1
2011	70.3	38.9
2010	69.1	39.2
2009	69.6	38.9
2008	69.1	38.2
2007	69.1	39.2
2006	70	39.5
2005	69.5	39.9
2004	67.9	39.2
2003	70.9	40.1
2002	69.7	39.1
2001	69.6	39.5
2000	70.5	39.9
1999	70	38.6
1998	69.2	39.2
1997	67.3	38.5
1996	70	39.4
1995	69.5	39.1
1994	69.7	39.2
1993	68	38.2
1992	67.1	38
1991	66.9	38.1
1990	68	38.5
1989	69.8	38.2
1988	67.7	37.6
1987	66.7	37.1
1986	67.8	39.3
1985	67.4	38.3
1984	66.8	38
1983	66.7	38.3
1982	66.9	38.3
1981	69.3	39.4
1980	68.9	38.4
1979	66.8	36.8
1978	67.6	38.9
1977	68.8	38.6
1976	67.3	36.4
1975	66.7	36
1974	67.9	37.6
1973	66.6	36.4
1972	68.1	37.9
1971	67.4	37
1970	67.5	37
1969	67.7	38.7
1968	66.8	37.2
1967	68.2	37.8
1966	67.8	37.4
1965	67.4	37.8
1964	67	36.4
1963	69	38.1
1962	68.5	38.1
1961	67.1	37.2
1960	67.3	37.2
1959	68.4	37.6
1958	67.7	38.7
1957	67	39.2
1956	69.8	37
1955	67.9	37.2
1954	70.6	39.3
1953	69.2	37.5
1952	67.9	37.6
1951	68.6	37.3
1950	70.8	37.7
1949	67	37.2
1948	67.6	37.3
1947	68	37.3
1946	68.9	38.3
1945	68.7	37
1944	66.6	37
1943	69.2	38
1942	67.8	37.3
1941	65.3	38.8
1940	67.7	38.5
1939	68.1	37.5
1938	68	38.1
1937	67.7	37.9
1936	68	38.5
1935	67.3	38.8
1934	71	39.5
1933	68.3	37.6
1932	66.2	37.1
1931	66.5	38.4
1930	67.2	37.2
1929	66.3	37
1928	67.4	38
1927	68.8	39.1
1926	66.6	38.4
1925	68	38.4
1924	67.6	36.9
1923	65.8	38.4
1922	68.1	38.3
1921	68.8	39.1
1920	66.3	37.6
1919	65.2	37.9
1918	66.4	38.1
1917	67.9	37
1916	68	38.4
1915	65.8	37
1914	66.8	38.9
1913	65.2	36.8
1912	65.6	35.9
1911	66.6	39.4
1910	70	39.3
1909	67.1	37.7
1908	66.7	37.5
1907	67.2	39.2
1906	66	38.4
1905	64.5	38.8
1904	67.6	38.4
1903	66.6	36.9
1902	67.9	38.3
1901	68.1	38.7
1900	68.6	38.9
1899	67.2	37.8
1898	66.4	37.8
1897	66.2	38.8
1896	68.4	39.2
1895	65.2	37.1
